Filter Coefficients (h[n]):
-55 0.000000000
-54 -0.000000866
-53 0.000010218
-52 0.000025157
-51 -0.000018234
-50 -0.000096178
-49 -0.000043656
-48 0.000155043
-47 0.000196767
-46 -0.000089745
-45 -0.000326179
-44 -0.000105680
-43 0.000265450
-42 0.000221587
-41 -0.000051977
-40 0.000000000
-39 0.000074442
-38 -0.000455492
-37 -0.000786575
-36 0.000454536
-35 0.002056626
-34 0.000840979
-33 -0.002791926
-32 -0.003417031
-31 0.001548260
-30 0.005773784
-29 0.001999218
-28 -0.005700423
-27 -0.006023640
-26 0.002350346
-25 0.007461785
-24 0.002146942
-23 -0.004853825
-22 -0.003687961
-21 0.000794963
-20 -0.000000000
-19 -0.000985082
-18 0.005666494
-17 0.009259292
-16 -0.005094974
-15 -0.022089116
-14 -0.008710144
-13 0.028071183
-12 0.033592362
-11 -0.015000819
-10 -0.055631653
-9 -0.019358858
-8 0.056180337
-7 0.061382340
-6 -0.025275224
-5 -0.087064799
-4 -0.028295292
-3 0.077007137
-2 0.079152673
-1 -0.030733635
0 0.900000000
1 -0.030733635
2 0.079152673
3 0.077007137
4 -0.028295292
5 -0.087064799
6 -0.025275224
7 0.061382340
8 0.056180337
9 -0.019358858
10 -0.055631653
11 -0.015000819
12 0.033592362
13 0.028071183
14 -0.008710144
15 -0.022089116
16 -0.005094974
17 0.009259292
18 0.005666494
19 -0.000985082
20 -0.000000000
21 0.000794963
22 -0.003687961
23 -0.004853825
24 0.002146942
25 0.007461785
26 0.002350346
27 -0.006023640
28 -0.005700423
29 0.001999218
30 0.005773784
31 0.001548260
32 -0.003417031
33 -0.002791926
34 0.000840979
35 0.002056626
36 0.000454536
37 -0.000786575
38 -0.000455492
39 0.000074442
40 0.000000000
41 -0.000051977
42 0.000221587
43 0.000265450
44 -0.000105680
45 -0.000326179
46 -0.000089745
47 0.000196767
48 0.000155043
49 -0.000043656
50 -0.000096178
51 -0.000018234
52 0.000025157
53 0.000010218
54 -0.000000866
55 0.000000000
